0.0 -20.0 0.0 3.0 
0.0 0.0 0.0 -12.0 
0.0 0.0 0.0 15.0 
-3.0 -10.0 12.0 -40.0 

0.0 -20.0 0.0 3.0 
0.0 0.0 0.0 -12.0 
0.0 0.0 0.0 15.0 
-3.0 -10.0 12.0 -40.0 

0.0 -20.0 0.0 3.0 
0.0 0.0 0.0 -12.0 
0.0 0.0 0.0 15.0 
-3.0 -10.0 12.0 -40.0 

0.0 -20.0 0.0 3.0 
0.0 0.0 0.0 -12.0 
0.0 0.0 0.0 15.0 
-3.0 -10.0 12.0 -40.0 

0.0 -20.0 0.0 3.0 
0.0 0.0 0.0 -12.0 
0.0 0.0 0.0 15.0 
-3.0 -10.0 12.0 -40.0 

0.0 -20.0 0.0 3.0 
0.0 0.0 0.0 -12.0 
0.0 0.0 0.0 15.0 
-3.0 -10.0 12.0 -40.0 

0.0 -20.0 0.0 3.0 
0.0 0.0 0.0 -12.0 
0.0 0.0 0.0 15.0 
-3.0 -10.0 12.0 -40.0 

0.0 -20.0 0.0 3.0 
0.0 0.0 0.0 -12.0 
0.0 0.0 0.0 15.0 
-3.0 -10.0 12.0 -40.0 

0.0 -20.0 0.0 3.0 
0.0 0.0 0.0 -12.0 
0.0 0.0 0.0 15.0 
-3.0 -10.0 12.0 -40.0 

