-36.0 -9.0 0.0 1.0 5.0 5.0 6.0 8.0 15.0 20.0 25.0 32.0 40.0 86.0 87.0 
-36 -9 0 1 5 5 6 8 15 20 25 32 40 86 87 
-36.0 -9.0 0.0 1 5.0 5.0 6.0 8.0 15.0 20.0 25.0 32.0 40.0 86.0 87.0 
-36.0 -9.0 0.0 1.0 5.0 5.0 6.0 8.0 15.0 20.0 25.0 32.0 40.0 86.0 87.0 
-36.0 -9.0 0.0 1.0 5.0 5.0 6.0 8.0 15.0 20.0 25.0 32.0 40.0 86.0 87.0 
-36.0 -9.0 0.0 1.0 5.0 5.0 6.0 8.0 15.0 20.0 25.0 32.0 40.0 86.0 87.0 
-36.0 -9.0 0.0 1.0 5.0 5.0 6.0 8.0 15.0 20.0 25.0 32.0 40.0 86.0 87.0 
-36.0 -9.0 0.0 1.0 5.0 5.0 6.0 8.0 15.0 20.0 25.0 32.0 40.0 86.0 87.0 
-36.0 -9.0 0.0 1.0 5.0 5.0 6.0 8.0 15.0 20.0 25.0 32.0 40.0 86.0 87.0 
-36.0 -9.0 0.0 1.0 5.0 5.0 6.0 8.0 15.0 20.0 25.0 32.0 40.0 86.0 87.0 
-36.0 -9.0 0.0 1.0 5.0 5.0 6.0 8.0 15.0 20.0 25.0 32.0 40.0 86.0 87.0 
-36.0 -9.0 0.0 1.0 5.0 5.0 6.0 8.0 15.0 20.0 25.0 32.0 40.0 86.0 87.0 
-36.0 -9.0 0.0 1.0 5.0 5.0 6.0 8.0 15.0 20.0 25.0 32.0 40.0 86.0 87.0 
-36 -9 0 1 5 5 6 8 15 20 25 32 40 86 87 
-36.0 -9.0 0.0 1 5.0 5.0 6.0 8.0 15.0 20.0 25.0 32.0 40.0 86.0 87.0 
-36.0 -9.0 0.0 1.0 5.0 5.0 6.0 8.0 15.0 20.0 25.0 32.0 40.0 86.0 87.0 
-36.0 -9.0 0.0 1.0 5.0 5.0 6.0 8.0 15.0 20.0 25.0 32.0 40.0 86.0 87.0 
-36.0 -9.0 0.0 1.0 5.0 5.0 6.0 8.0 15.0 20.0 25.0 32.0 40.0 86.0 87.0 
-36.0 -9.0 0.0 1.0 5.0 5.0 6.0 8.0 15.0 20.0 25.0 32.0 40.0 86.0 87.0 
-36.0 -9.0 0.0 1.0 5.0 5.0 6.0 8.0 15.0 20.0 25.0 32.0 40.0 86.0 87.0 
-36.0 -9.0 0.0 1.0 5.0 5.0 6.0 8.0 15.0 20.0 25.0 32.0 40.0 86.0 87.0 
-36.0 -9.0 0.0 1.0 5 5.0 6.0 8 15 20 25 32 40.0 86 87 
-36.0 -9.0 0.0 1.0 5.0 5.0 6.0 8.0 15.0 20.0 25.0 32.0 40.0 86.0 87.0 
-36.0 -9.0 0.0 1 5.0 5.0 6.0 8.0 15.0 20.0 25.0 32.0 40.0 86.0 87.0 
-36.0 -9.0 0.0 1.0 5.0 5.0 6.0 8.0 15.0 20.0 25.0 32.0 40.0 86.0 87.0 
-36 -9 0 1 5 5 6 8 15 20 25 32 40 86 87 
-36.0 -9.0 0.0 1.0 5 5.0 6.0 8 15 20 25 32 40.0 86 87 
-36.0 -9.0 0.0 1.0 5.0 5.0 6.0 8.0 15.0 20.0 25.0 32.0 40.0 86.0 87.0 
-36.0 -9.0 0.0 1.0 5.0 5.0 6.0 8.0 15.0 20.0 25.0 32.0 40.0 86.0 87.0 
-36.0 -9.0 0.0 1.0 5 5.0 6.0 8 15 20 25 32 40.0 86 87 
-36.0 -9.0 0.0 1.0 5.0 5.0 6.0 8.0 15.0 20.0 25.0 32.0 40.0 86.0 87.0 
-36.0 -9.0 0.0 1 5.0 5.0 6.0 8.0 15.0 20.0 25.0 32.0 40.0 86.0 87.0 
-36.0 -9.0 0.0 1 5.0 5.0 6.0 8.0 15.0 20.0 25.0 32.0 40.0 86.0 87.0 
-36 -9 0 1 5 5 6 8 15 20 25 32 40 86 87 
-36.0 -9.0 0.0 1.0 5 5.0 6.0 8 15 20 25 32 40.0 86 87 
-36.0 -9.0 0.0 1.0 5.0 5.0 6.0 8.0 15.0 20.0 25.0 32.0 40.0 86.0 87.0 
-36.0 -9.0 0.0 1 5.0 5.0 6.0 8.0 15.0 20.0 25.0 32.0 40.0 86.0 87.0 
-36.0 -9.0 0.0 1 5.0 5.0 6.0 8.0 15.0 20.0 25.0 32.0 40.0 86.0 87.0 
-36.0 -9.0 0.0 1.0 5.0 5.0 6.0 8.0 15.0 20.0 25.0 32.0 40.0 86.0 87.0 
-36.0 -9.0 0.0 1.0 5.0 5.0 6.0 8.0 15.0 20.0 25.0 32.0 40.0 86.0 87.0 
-36.0 -9.0 0.0 1.0 5.0 5.0 6.0 8.0 15.0 20.0 25.0 32.0 40.0 86.0 87.0 
-36.0 -9.0 0.0 1 5.0 5.0 6.0 8.0 15.0 20.0 25.0 32.0 40.0 86.0 87.0 
-36 -9 0 1 5 5 6 8 15 20 25 32 40 86 87 
-36.0 -9.0 0.0 1.0 5 5.0 6.0 8 15 20 25 32 40.0 86 87 
-36.0 -9.0 0.0 1 5.0 5.0 6.0 8.0 15.0 20.0 25.0 32.0 40.0 86.0 87.0 
-36.0 -9.0 0.0 1.0 5.0 5.0 6.0 8.0 15.0 20.0 25.0 32.0 40.0 86.0 87.0 
-36.0 -9.0 0.0 1.0 5.0 5.0 6.0 8.0 15.0 20.0 25.0 32.0 40.0 86.0 87.0 
-36 -9 0 1 5 5 6 8 15 20 25 32 40 86 87 
-36 -9 0 1 5 5 6 8 15 20 25 32 40 86 87 
-36.0 -9.0 0.0 1.0 5.0 5.0 6.0 8.0 15.0 20.0 25.0 32.0 40.0 86.0 87.0 
-36 -9 0 1 5 5 6 8 15 20 25 32 40 86 87 
-36.0 -9.0 0.0 1.0 5 5.0 6.0 8 15 20 25 32 40.0 86 87 
-36.0 -9.0 0.0 1 5.0 5.0 6.0 8.0 15.0 20.0 25.0 32.0 40.0 86.0 87.0 
-36.0 -9.0 0.0 1.0 5.0 5.0 6.0 8.0 15.0 20.0 25.0 32.0 40.0 86.0 87.0 
-36.0 -9.0 0.0 1 5.0 5.0 6.0 8.0 15.0 20.0 25.0 32.0 40.0 86.0 87.0 
-36.0 -9.0 0.0 1.0 5 5.0 6.0 8 15 20 25 32 40.0 86 87 
-36.0 -9.0 0.0 1.0 5.0 5.0 6.0 8.0 15.0 20.0 25.0 32.0 40.0 86.0 87.0 
-36.0 -9.0 0.0 1.0 5.0 5.0 6.0 8.0 15.0 20.0 25.0 32.0 40.0 86.0 87.0 
-36.0 -9.0 0.0 1.0 5.0 5.0 6.0 8.0 15.0 20.0 25.0 32.0 40.0 86.0 87.0 
-36.0 -9.0 0.0 1.0 5 5.0 6.0 8 15 20 25 32 40.0 86 87 
-36.0 -9.0 0.0 1 5.0 5.0 6.0 8.0 15.0 20.0 25.0 32.0 40.0 86.0 87.0 
